30 0
31 0
32 0
33 1.4013e-45
34 2.8026e-44
35 8.80015e-43
36 2.65322e-41
37 7.51515e-40
38 1.99971e-38
39 4.99864e-37
40 1.1738e-35
41 2.58936e-34
42 5.36596e-33
43 1.04462e-31
44 1.91041e-30
45 3.2821e-29
46 5.29705e-28
47 8.03104e-27
48 1.14384e-25
49 1.53045e-24
50 1.92365e-23
51 2.27138e-22
52 2.51948e-21
53 2.62536e-20
54 2.56994e-19
55 2.36328e-18
56 2.04156e-17
57 1.65678e-16
58 1.26307e-15
59 9.04574e-15
60 6.0858e-14
61 3.84634e-13
62 2.28368e-12
63 1.27373e-11
64 6.67389e-11
65 3.285e-10
66 1.51897e-09
67 6.59811e-09
68 2.69244e-08
69 1.03212e-07
70 3.7168e-07
71 1.25738e-06
72 3.99594e-06
73 1.19297e-05
74 3.34576e-05
75 8.81489e-05
76 0.000218171
77 0.000507262
78 0.00110796
79 0.00227339
80 0.00438208
81 0.00793491
82 0.0134977
83 0.0215693
84 0.0323794
85 0.0456623
86 0.0604927
87 0.0752844
88 0.0880163
89 0.096667
90 0.0997356
91 0.096667
92 0.0880163
93 0.0752844
94 0.0604927
95 0.0456623
96 0.0323794
97 0.0215693
98 0.0134977
99 0.00793491
100 0.00438208
101 0.00227339
102 0.00110796
103 0.000507262
104 0.000218171
105 8.81489e-05
106 3.34576e-05
107 1.19297e-05
108 3.99594e-06
109 1.25738e-06
110 3.7168e-07
111 1.03212e-07
112 2.69244e-08
113 6.59811e-09
114 1.51897e-09
115 3.285e-10
116 6.67389e-11
117 1.27373e-11
118 2.28368e-12
119 3.84634e-13
120 6.0858e-14
121 9.04574e-15
122 1.26307e-15
123 1.65678e-16
124 2.04156e-17
125 2.36328e-18
126 2.56994e-19
127 2.62536e-20
128 2.51948e-21
129 2.27138e-22
130 1.92365e-23
131 1.53045e-24
132 1.14384e-25
133 8.03104e-27
134 5.29705e-28
135 3.2821e-29
136 1.91041e-30
137 1.04462e-31
138 5.36596e-33
139 2.58936e-34
140 1.1738e-35
141 4.99864e-37
142 1.99971e-38
143 7.51515e-40
144 2.65322e-41
145 8.80015e-43
146 2.8026e-44
147 1.4013e-45
148 0
149 0
150 0
