    0.0997356
    0.099611
    0.0992382
    0.0986199
    0.0977607
    0.0966671
    0.0953471
    0.0938103
    0.0920678
    0.090132
    0.0880167
    0.0857364
    0.0833066
    0.0807436
    0.0780641
    0.075285
    0.0724236
    0.069497
    0.0665221
    0.0635156
    0.0604936
    0.0574715
    0.0544641
    0.0514851
    0.0485476
    0.0456634
    0.0428433
    0.0400969
    0.037433
    0.0348588
    0.0323805
    0.0300034
    0.0277313
    0.0255673
    0.0235133
    0.0215703
    0.0197385
    0.0180172
    0.0164049
    0.0148995
    0.0134986
    0.0121988
    0.0109966
    0.00988821
    0.0088693
    0.00793553
    0.00708233
    0.00630509
    0.00559912
    0.00495979
    0.00438249
    0.00386272
    0.00339609
    0.00297838
    0.00260552
    0.00227365
    0.0019791
    0.0017184
    0.00148832
    0.00128583
    0.00110811
    0.000952576
    0.000816825
    0.00069867
    0.000596115
    0.000507344
    0.000430714
    0.000364745
    0.000308109
    0.000259617
    0.000218211
    0.000182951
    0.000153006
    0.000127642
    0.000106217
    8.81678e-05
    7.30028e-05
    6.02953e-05
    4.96754e-05
    4.08238e-05
    3.34657e-05
    2.73654e-05
    2.23211e-05
    1.81613e-05
    1.47397e-05
    1.19329e-05
    9.63652e-06
    7.76259e-06
    6.23746e-06
    4.99946e-06
    3.99717e-06
    3.18784e-06
    2.53603e-06
    2.01246e-06
    1.59299e-06
    1.25781e-06
    9.90673e-07
    7.78323e-07
    6.09964e-07
    4.76828e-07
    3.71822e-07
