65 3.285e-10
661.51897e-09
676.59811e-09
682.69244e-08
691.03212e-07
703.7168e-07
711.25738e-06
723.99594e-06
731.19297e-05
743.34576e-05
758.81489e-05
760.000218171
770.000507262
780.00110796
790.00227339
800.00438208
810.00793491
82 0.0134977
83 0.0215693
84 0.0323794
85 0.0456623
86 0.0604927
87 0.0752844
88 0.0880163
89  0.096667
90 0.0997356
91  0.096667
92 0.0880163
93 0.0752844
94 0.0604927
95 0.0456623
96 0.0323794
97 0.0215693
98 0.0134977
990.00793491
1000.00438208
1010.00227339
1020.00110796
1030.000507262
1040.000218171
1058.81489e-05
1063.34576e-05
1071.19297e-05
1083.99594e-06
1091.25738e-06
1103.7168e-07
1111.03212e-07
1122.69244e-08
1136.59811e-09
1141.51897e-09
115 3.285e-10
